32
FALSE
FALSE
FALSE
FALSE
FALSE
FALSE
FALSE
FALSE
Nazwa_gracza
17
100
100
436
0
0
-22
100
0










0
0
0
0
0
0
0
0
0
0
0
20
4
1699
MaXDila sqad
Grass
Scun
Hash
Acid
Extasy
Speed
Heroina
Kokaina
Brown Sugar
Grzybki
1
2
3
4
5
6
7
8
9
10
0
0
0
0
0
0
0
0
0
0
10
0
0
14
15
28
0
0
40
0
7
4
7
7
1
6
1
6
2
5
0
0
0
0
0
0
0
0
0
0
0
0
0
0
0
0
0
0
0
0
1
2
3
4
5
6
7
8
9
10
21
10
25
20
20
29
29
26
25
27
29
42
29
27
23
26
21
43
41
36
36
42
41
59
38
40
31
43
30
43
51
59
38
42
21
20
23
29
23
26
28
24
28
28
23
29
21
27
27
24
26
27
29
29
26
21
25
21
22
21
22
20
24
26
23
26
14
23
16
19
17
15
18
17
15
15
21
16
18
20
19
18
19
17
18
33
42
39
28
36
30
32
35
39
41
38
31
33
31
39
43
38
46
52
50
58
51
53
40
55
45
45
50
47
47
53
48
45
50
116
139
41
100
131
112
128
145
129
130
110
100
102
137
147
119
149
50
45
54
47
46
40
56
43
48
43
40
43
45
55
53
51
59
17
20
43
18
16
19
19
18
16
17
21
20
21
20
17
16
19
