365
FALSE
TRUE
TRUE
TRUE
FALSE
TRUE
TRUE
FALSE
3333333333333333333333333333333333333333333333
317
1
190
3231
2394815
0
2351
100
189
Gun
Kalach
Granat
Shurikan






30
140
10
9
0
0
0
0
0
0
0
20
12
-1281
MaXDila sqad
Grass
Scun
Hash
Acid
Extasy
Speed
Heroina
Kokaina
Brown Sugar
Grzybki
1
3
4
6
7
9
0
0
0
0
8
0
0
0
0
0
0
0
0
0
21
31
20
10
15
32
41
40
42
15
5
-1
5
7
-1
4
4
-3
2
-1
0
0
0
0
0
0
0
189
0
0
0
0
0
0
0
0
0
1
0
0
1
0
2
3
0
4
5
0
6
0
20
23
29
24
23
23
26
29
25
25
28
22
24
25
21
54
23
29
21
22
23
23
27
24
23
28
29
22
21
24
24
23
28
25
29
20
28
25
26
26
23
20
28
51
20
10
22
25
25
29
10
22
23
21
29
27
25
20
21
22
24
21
22
26
24
23
22
29
26
22
27
29
20
26
28
21
29
24
28
20
25
26
27
23
29
23
21
27
26
23
23
26
28
24
23
25
23
22
21
27
28
21
27
13
25
28
28
29
23
26
28
23
22
27
26
28
20
29
28
20
26
20
23
26
20
27
28
20
27
29
27
28
13
29
28
24
27
29
20
50
25
24
26
28
23
12
13
23
23
29
52
28
27
21
27
23
22
21
27
25
12
23
27
22
24
58
26
20
20
21
26
23
25
21
23
28
23
24
29
27
29
12
29
22
29
20
25
26
20
29
28
29
21
25
29
23
29
29
25
20
13
24
28
26
20
27
26
12
25
28
25
27
23
26
23
24
20
52
22
27
23
20
26
25
12
21
23
24
25
27
20
20
57
22
25
20
21
28
23
27
22
21
25
27
27
42
26
28
11
22
23
23
21
27
23
28
26
23
27
25
25
48
21
26
23
24
27
27
13
11
11
24
24
27
26
26
20
25
10
25
23
25
26
49
20
29
29
23
21
24
25
23
24
21
21
29
22
24
24
21
22
24
29
20
24
28
20
27
28
28
28
23
29
23
23
10
26
40
30
42
31
39
33
30
34
43
43
41
38
41
43
76
72
32
43
40
30
38
44
33
31
44
39
36
43
39
42
30
39
37
38
38
39
41
37
42
41
61
30
37
42
41
43
74
44
31
30
33
41
35
43
43
41
34
20
33
30
34
36
68
34
35
31
41
67
43
33
32
40
36
40
35
39
32
19
40
35
31
33
39
34
42
68
36
30
35
40
35
39
43
35
33
32
38
63
43
40
31
17
33
19
30
78
30
63
40
41
33
33
36
39
34
40
39
33
43
33
37
41
37
38
44
31
31
35
38
35
69
40
21
64
44
36
17
36
35
44
42
30
36
44
41
18
17
38
36
44
42
42
31
40
64
35
43
34
35
43
19
57
32
44
42
36
33
38
34
33
33
35
42
30
33
37
36
35
34
40
41
44
35
30
37
31
36
40
30
36
38
38
41
43
41
30
77
40
33
32
32
36
41
42
41
39
43
19
39
42
37
35
30
40
33
31
33
31
44
35
41
30
38
30
42
40
31
44
37
34
43
40
34
36
43
44
33
43
30
34
37
42
40
54
42
43
44
42
30
42
34
36
33
31
30
18
39
38
41
38
39
33
39
41
39
36
42
43
44
43
20
30
34
31
44
42
32
35
21
30
40
34
37
74
36
41
34
39
42
42
40
32
39
37
72
36
32
42
67
32
37
43
33
44
66
34
30
44
39
36
34
36
33
37
44
31
39
28
25
25
23
21
22
22
29
26
28
23
29
20
25
24
28
25
29
24
25
27
25
26
20
29
25
27
27
24
22
28
22
26
27
48
28
24
24
20
20
26
27
25
26
27
20
25
24
26
27
20
26
24
29
24
23
23
22
22
23
22
23
29
29
23
20
27
28
24
22
28
21
28
27
21
23
26
26
25
28
20
29
27
22
28
29
25
22
27
23
28
24
23
25
22
29
20
29
22
28
29
22
26
21
21
24
21
29
23
28
20
22
22
28
26
23
23
23
27
22
23
27
24
29
29
28
28
27
27
29
21
24
27
27
24
22
27
24
21
27
21
23
25
21
27
26
24
29
26
53
27
27
25
26
28
23
24
25
29
26
29
20
22
24
27
25
24
20
27
28
29
24
24
21
21
27
28
28
21
25
27
28
25
22
26
23
29
26
26
27
26
26
20
27
28
27
27
25
25
29
21
29
21
26
23
22
20
29
29
29
22
21
25
23
23
26
24
28
24
20
21
28
29
24
21
25
26
29
28
63
24
28
21
23
25
23
29
29
20
25
29
26
29
21
28
28
28
28
23
21
28
23
21
21
28
22
27
21
26
23
22
27
24
24
21
21
24
27
24
23
20
29
22
27
28
22
22
22
21
29
21
23
22
26
29
22
28
28
26
21
29
29
25
21
23
29
26
25
28
27
20
29
21
61
24
23
29
25
25
23
27
20
29
22
26
20
26
29
24
17
23
11
28
58
21
24
29
13
23
26
22
28
26
20
25
24
26
25
22
25
20
21
27
24
26
22
25
11
29
23
28
24
21
26
21
24
28
10
22
25
25
24
26
23
29
22
21
20
27
29
28
29
25
23
25
26
22
25
11
22
22
13
29
28
23
20
20
27
25
28
29
21
27
24
26
26
20
28
22
23
28
27
28
26
21
23
21
16
26
23
26
26
28
26
24
20
23
28
20
20
10
26
25
28
26
28
23
21
27
25
21
25
28
26
12
25
21
27
26
22
24
28
26
26
24
24
24
24
23
13
25
24
27
23
26
20
27
23
29
21
22
24
10
10
27
21
23
25
24
21
24
23
26
27
23
28
26
13
12
25
24
29
26
24
25
28
29
25
25
26
16
25
27
24
13
16
28
28
22
21
24
28
23
23
22
24
28
28
26
20
23
26
24
26
22
26
26
29
23
28
25
20
29
27
14
29
27
21
24
20
20
26
28
23
29
28
28
20
20
20
14
26
24
22
27
27
29
27
28
24
29
26
27
23
22
20
28
10
23
29
27
28
29
28
27
28
20
26
24
28
29
21
20
28
26
22
20
28
29
23
29
26
21
25
26
11
29
14
28
22
23
27
20
12
24
14
29
27
28
26
29
23
28
24
29
28
28
28
26
29
23
25
12
29
23
24
23
22
26
27
24
29
21
20
29
28
26
28
20
24
25
28
21
29
18
18
21
18
16
15
20
17
21
15
18
17
18
15
16
16
20
21
16
17
20
54
19
19
16
21
74
18
19
17
17
15
20
21
21
18
19
19
21
20
18
15
15
19
17
18
18
18
17
18
18
16
21
15
15
18
16
19
17
20
17
18
21
17
15
19
21
16
17
21
18
18
18
17
20
18
19
16
21
16
17
16
20
15
19
18
18
16
21
16
15
18
19
16
21
57
21
21
18
21
15
18
21
9
17
19
18
19
19
17
16
15
18
21
19
20
19
19
16
21
16
17
19
17
17
17
21
17
20
17
15
16
9
19
18
17
17
15
19
19
15
18
16
19
16
9
10
18
20
73
17
21
17
18
19
20
19
15
21
20
8
20
20
17
16
19
16
19
15
16
21
19
15
15
21
20
21
20
15
16
18
17
21
17
18
18
19
21
17
19
20
15
16
17
69
17
18
18
17
21
21
16
16
20
21
19
19
11
20
15
15
17
19
16
17
20
15
20
21
20
20
16
16
19
21
15
21
15
15
15
16
17
15
19
21
18
16
19
17
20
17
18
19
15
18
21
16
15
21
21
20
15
21
21
21
16
17
67
18
15
17
17
15
16
21
17
15
19
19
15
9
18
18
17
16
19
17
20
51
16
20
17
15
21
19
15
17
15
17
16
15
15
15
16
16
21
19
15
18
18
18
17
19
18
15
18
15
19
18
50
19
16
18
18
18
16
17
44
43
34
41
38
34
42
34
35
30
37
37
44
43
41
34
34
103
30
33
30
40
37
41
41
37
35
33
42
31
42
34
38
31
38
38
32
32
32
35
37
43
37
30
98
38
38
36
37
44
42
147
32
34
31
43
33
38
39
30
121
40
39
43
88
23
37
38
117
36
33
41
22
37
110
40
98
85
29
34
36
32
40
33
31
37
31
31
34
36
39
33
39
31
37
39
37
88
36
33
35
44
103
31
42
43
38
39
42
31
33
17
36
34
30
34
44
32
33
19
41
34
34
41
37
34
42
36
35
39
41
35
40
33
39
41
38
41
20
106
31
33
30
37
35
43
37
43
34
36
22
31
40
44
34
30
80
41
31
42
39
35
44
33
26
35
108
41
41
36
39
32
30
117
36
22
33
33
38
36
33
36
44
40
43
83
31
39
39
35
116
36
38
36
19
25
39
41
117
44
34
35
35
44
44
39
19
41
41
40
30
40
30
40
44
44
43
33
30
30
34
33
44
43
32
31
42
44
34
42
44
44
28
39
32
37
43
33
43
41
39
37
37
30
43
37
111
34
43
41
19
36
33
31
24
40
40
40
34
35
142
40
33
105
30
32
41
34
40
40
34
31
141
38
39
32
38
39
32
143
33
36
20
43
30
30
32
38
35
39
36
44
38
36
38
32
41
44
44
28
15
26
33
36
31
40
35
104
89
32
41
35
39
38
37
38
33
49
49
49
45
50
50
53
47
41
40
56
47
50
44
59
55
56
49
46
42
46
57
43
42
50
47
46
53
47
50
56
50
56
43
55
55
52
51
58
58
54
59
49
58
52
50
52
48
47
53
54
59
46
47
42
55
43
59
47
54
59
44
49
53
56
43
48
40
47
52
45
44
43
53
49
47
52
52
58
48
53
41
42
58
41
53
51
45
53
41
43
46
41
55
40
43
53
46
54
59
43
58
56
46
49
56
43
49
46
50
55
41
50
42
55
45
48
57
51
46
41
40
58
49
55
42
56
54
43
55
41
47
59
46
46
45
50
40
57
41
47
59
46
55
51
53
48
46
48
51
56
43
46
48
44
48
46
50
46
56
54
52
48
42
50
52
54
53
59
58
43
50
47
44
42
51
45
56
55
48
59
51
41
59
50
44
47
45
46
50
41
47
59
47
44
57
52
40
54
45
57
53
52
59
40
49
57
54
53
52
47
52
44
40
53
54
41
59
54
53
41
42
54
44
42
57
46
56
52
59
49
46
53
40
53
54
44
40
42
43
55
56
51
51
46
58
57
56
41
40
54
56
51
58
56
59
42
57
45
54
49
58
58
46
43
46
49
42
44
59
46
41
52
55
53
57
55
49
54
46
51
47
57
57
47
47
51
55
58
55
57
47
50
47
40
54
54
57
40
51
45
46
53
43
58
55
50
42
44
46
55
56
48
53
58
54
53
110
107
133
137
136
109
101
101
119
115
116
149
111
140
108
149
128
124
55
108
117
101
110
102
255
104
112
107
105
103
128
119
132
103
117
147
46
117
116
140
105
124
115
103
120
109
120
125
122
109
108
106
55
104
140
121
145
126
117
111
102
103
100
132
105
112
140
123
149
119
102
116
139
112
118
46
127
148
140
112
141
148
123
140
112
144
149
128
149
129
120
125
145
224
147
116
120
143
125
114
136
110
117
126
104
103
112
140
105
110
146
107
116
121
134
104
106
143
105
121
103
55
145
100
133
119
144
146
123
118
138
52
149
141
118
127
146
108
107
140
110
117
135
149
48
149
141
109
132
116
125
136
129
118
106
107
147
46
116
128
117
103
100
109
104
142
126
147
104
100
46
117
138
109
136
134
116
130
127
112
127
143
143
112
108
112
42
131
149
141
132
110
149
106
149
100
109
133
108
59
102
148
120
133
143
119
126
145
104
145
149
132
51
145
120
139
140
135
124
118
132
122
137
119
102
101
113
122
116
135
109
143
131
131
143
132
145
112
104
131
127
146
111
107
143
106
106
137
143
137
141
136
121
142
143
120
120
53
116
105
144
141
54
118
136
129
140
125
116
145
137
121
127
131
132
124
112
125
114
109
140
149
130
115
114
145
130
140
123
134
113
111
116
120
136
128
119
123
149
106
134
121
107
146
40
109
129
140
130
140
117
139
146
146
107
116
123
46
55
40
44
51
49
40
48
57
50
43
58
44
48
41
47
56
49
42
44
56
40
44
57
47
51
50
59
59
59
51
47
47
49
52
48
45
46
57
40
45
56
53
45
46
42
44
59
51
55
40
51
42
45
57
50
41
58
42
43
43
49
44
59
52
44
52
59
54
48
56
51
51
44
54
55
42
59
53
45
54
47
59
53
45
46
49
42
51
46
43
50
57
59
40
41
48
40
47
53
59
41
44
52
50
43
52
58
48
51
58
47
46
52
48
56
54
52
40
46
48
40
42
44
57
49
50
55
51
46
44
50
50
58
45
53
49
49
58
52
40
58
44
59
54
43
40
45
50
40
43
52
48
50
44
59
48
44
49
49
46
50
45
46
57
45
43
44
47
53
46
57
58
57
57
55
48
59
47
52
45
53
55
59
46
58
43
56
59
41
52
44
55
41
49
44
40
42
45
44
41
48
40
49
57
41
58
59
42
59
48
59
57
45
55
47
57
41
55
57
52
51
53
42
53
40
51
41
51
59
46
46
46
47
50
44
42
46
48
55
40
51
46
59
43
57
52
42
43
41
44
56
42
58
55
53
48
43
43
58
47
46
46
52
48
51
48
53
53
54
50
59
42
48
41
45
46
42
45
43
45
50
54
47
53
53
58
49
55
44
41
43
40
53
57
59
44
44
50
54
44
56
49
56
43
46
53
49
58
40
55
52
54
49
59
41
56
16
20
15
15
18
16
21
18
19
41
18
19
21
17
16
21
21
20
15
20
18
16
17
19
15
17
21
18
20
16
18
15
18
19
18
51
36
16
19
16
45
19
16
15
20
16
17
15
20
21
16
17
49
18
17
19
15
17
15
15
19
18
21
15
19
15
18
18
19
19
17
21
19
16
15
20
19
17
51
15
18
20
17
18
20
18
18
21
18
19
15
17
18
19
18
19
16
18
17
17
19
19
17
15
19
17
15
35
18
21
15
19
19
40
21
15
19
20
19
15
19
20
18
17
19
20
16
19
21
46
15
16
16
21
16
17
15
19
19
19
18
16
15
20
20
16
18
19
20
17
18
15
21
20
17
15
19
19
35
15
17
20
21
17
21
17
15
15
15
21
20
18
17
20
17
16
20
19
15
15
21
16
21
15
21
19
17
20
18
16
20
16
17
17
20
21
15
18
18
17
19
19
18
16
16
15
21
15
17
15
41
21
18
19
19
21
18
21
21
46
18
15
21
18
19
19
20
16
15
15
20
17
20
16
19
17
20
20
21
17
18
21
17
20
18
15
21
51
15
19
20
17
17
18
21
19
15
35
18
21
19
16
42
15
18
16
18
21
21
16
15
20
21
17
21
21
16
16
15
17
20
15
16
15
16
17
15
15
18
18
15
15
21
20
21
18
19
19
17
19
19
20
20
18
16
16
20
37
21
16
19
21
18
20
18
20
20
